xd 2 46.83584418800001 0.8665859550001187
xd 3 23.922032670000135 0.8529809310000473
xd 4 17.573426043999916 0.8920028919999368
xd 5 14.46279246999984 0.9540074330000152
xd 6 10.426176525000074 1.0258546779998596
xd 7 9.58277466100003 1.0848803640001279
xd 8 8.280482820000088 1.1305185390001498
xd 9 7.392984279000075 1.0600003459999243
xd 10 7.185769358000016 1.081442614000025
xd 12 5.5857820590001666 1.1127560430002177
xd 14 13.838183405000109 1.129480894000153
xd 16 12.77555986099992 1.2448177309997845
xd 18 12.555735901000162 1.166493864000131
xd 20 11.712173028999814 1.2355232569998407
xd 24 8.474164382000026 1.1476402339999368
xd 28 8.150412685999981 1.1897782099999858
xd 33 7.047590057999969 1.3332888469999489
xd 40 6.321957760000032 1.428841494999915
fyć 2 61.82472449200009 0.8689629939999577
fyć 3 32.788019917000156 0.8526098750000983
fyć 4 23.6640717329999 0.8922044769999502
fyć 5 18.682800328999974 0.9527811299999485
fyć 6 14.12906913400002 1.034813419000102
fyć 7 12.569324901999835 1.093317839999827
fyć 8 10.863394626999934 1.1303590609998082
fyć 9 9.93805966900004 1.0574398419998943
fyć 10 8.97333335799999 1.085378917000071
fyć 12 7.400775034999924 1.107075960999964
fyć 14 6.875911294000161 1.1285480690000895
fyć 16 5.650587696000002 1.148301624999931
fyć 18 4.970771996999929 1.08508746099983
fyć 20 4.599652373000026 1.0912138549999781
fyć 24 9.657068369999934 1.1568943579998177
fyć 28 5.56407646599996 1.2045049409998683
fyć 33 4.744901557000048 0.9681205310000678
fyć 40 4.4102727540000615 1.34674363299996
miud 2 73.97268656200004 0.8656989009998597
miud 3 40.62207391900006 0.8535896380001304
miud 4 28.91342964799992 0.8919363269999394
miud 5 22.411984837999853 0.9523280270000214
miud 6 20.02006504499991 1.0507717779998984
miud 7 15.44729216299993 1.0873524949997773
miud 8 13.175461662000089 1.1277015150001262
miud 9 11.90249255499998 1.049792841999988
miud 10 10.568223160999878 1.0885456159999194
miud 12 9.391175966999981 1.1088170159998754
miud 14 7.715161997999985 1.131039396999995
miud 16 6.630058953999878 1.1530243549998431
miud 18 6.210968495000088 1.0796958640000867
miud 20 5.3495354110000335 1.0873975169999994
miud 24 4.629550441999982 1.0833105799999885
miud 28 6.701844215999927 1.4912824959999398
miud 33 6.180038441999841 1.3431023040000127
miud 40 6.050322152999797 1.0495737769997504
kułka 2 93.38354382199987 0.8664195619999191
kułka 3 50.366296556999714 0.852187782999863
kułka 4 35.16684145599993 0.9072170730000835
kułka 5 27.954773822000334 0.9519472160000078
kułka 6 21.38838576099988 1.034722191000128
kułka 7 19.021349622999878 1.0930775749998247
kułka 8 16.386484887999814 1.1279158529996494
kułka 9 14.389430247999826 1.090026582000064
kułka 10 13.31617495799992 1.0718909829997756
kułka 12 10.637887023000076 1.1068348650001099
kułka 14 9.347643137999967 1.126547237000068
kułka 16 8.66576797200014 1.155471991000013
kułka 18 7.747983293999823 1.0810608150000007
kułka 20 6.790926074000254 1.0952563830001054
kułka 24 5.3524912160000895 1.0838040449998516
kułka 28 7.700385911000012 1.3759355440001855
kułka 33 6.63932086900013 0.9687418739999885
kułka 40 6.360488615000122 1.3527267590002339
wziąść 2 110.40995825699974 0.8669837029997325
wziąść 3 58.376609074000044 0.8518876369998907
wziąść 4 40.67675141100017 0.8922351770002024
wziąść 5 32.20518969599971 0.9504509280000093
wziąść 6 27.089938898000128 1.0378730830002496
wziąść 7 22.594750986000236 1.0887520979999863
wziąść 8 19.301251773999866 1.1306312770002478
wziąść 9 17.86088669899982 1.0546032930001275
wziąść 10 15.197951689000092 1.082516109000153
wziąść 12 12.446363548000136 1.1076885980000952
wziąść 14 11.325101421 1.1300360150003144
wziąść 16 10.118625221999991 1.1498222879999958
wziąść 18 11.923838802999853 1.0825607679998939
wziąść 20 9.476971074000176 1.0888641970000208
wziąść 24 10.317801064999912 1.0866231959998913
wziąść 28 9.538635553999939 1.0838172670000858
wziąść 33 7.910020990999783 1.3565612489996965
wziąść 40 7.333850991999952 1.336238577000131
wzglond 2 120.16137292900021 0.8668684809999831
wzglond 3 62.941543910999826 0.8561466710002605
wzglond 4 45.05581578700003 0.8900641780001024
wzglond 5 35.85883110499981 0.9555188419999467
wzglond 6 27.037272065000252 1.032848660000127
wzglond 7 24.436025753000195 1.0909008769999673
wzglond 8 20.982914708999942 1.1300691409996944
wzglond 9 18.572837698000058 1.0541819139998552
wzglond 10 17.757819687999927 1.0713323119998677
wzglond 12 14.457430730000397 1.1102460130000509
wzglond 14 12.589395002999936 1.1250355930001206
wzglond 16 15.474949358999766 1.1473757469998418
wzglond 18 9.9997763209999 1.0794529689997034
wzglond 20 8.948353556999791 1.0869992149996506
wzglond 24 7.102890157999809 1.0879143039996961
wzglond 28 8.69094321600005 1.4934749710000688
wzglond 33 9.582689166999899 1.188908604000062
wzglond 40 7.538130507999995 0.9614795470001809
otfieracz 2 149.89035179599978 0.8681485209999664
otfieracz 3 81.1824473480001 0.8534592970004269
otfieracz 4 56.95163995199982 0.9017004679999445
otfieracz 5 43.93778182799997 0.9563758439999219
otfieracz 6 35.61778636300005 1.0362045110000508
otfieracz 7 31.46045502400011 1.0883332809999047
otfieracz 8 26.45683166000026 1.1288467680001304
otfieracz 9 23.344681949000005 1.053815083000245
otfieracz 10 21.381261752999762 1.0824019629999384
otfieracz 12 17.849922332999995 1.107234757000242
otfieracz 14 20.690464773999793 1.1368195400000332
otfieracz 16 13.837075674999596 1.1515305649995753
otfieracz 18 11.738276799999767 1.0729430900000807
otfieracz 20 10.322259514000052 1.0869366640004046
otfieracz 24 8.767744708999999 1.0858494909998626
otfieracz 28 11.50062770400018 1.4752470180001183
otfieracz 33 11.409538808999969 1.340345169000102
otfieracz 40 9.812514905999706 0.9706398029998127
kąputerowy 2 165.0773452190001 0.8731582589998652
kąputerowy 3 90.03767890700055 0.8535554970003432
kąputerowy 4 64.16025684499982 0.899269896000078
kąputerowy 5 51.20035638799982 0.9508023170001252
kąputerowy 6 37.881447708999985 1.0326088770007118
kąputerowy 7 35.30815345600058 1.089415662000647
kąputerowy 8 29.15770318900013 1.1294416790005926
kąputerowy 9 27.759206239999912 1.058416803
kąputerowy 10 24.610356596999736 1.0801663419997567
kąputerowy 12 21.146480155000063 1.098099949999778
kąputerowy 14 17.839696505000575 1.1232201510001687
kąputerowy 16 16.240876156999548 1.1568135149991576
kąputerowy 18 18.19115950500054 1.0780370350003068
kąputerowy 20 11.555160788999274 1.0857083729997612
kąputerowy 24 9.691608773000553 1.0883109280002827
kąputerowy 28 12.192434552999657 1.5169474800004537
kąputerowy 33 12.970459923999442 1.0689763239997774
kąputerowy 40 10.527002095999705 1.340676930999507
wyrafnowany 2 184.9988217529999 0.8655712369991306
wyrafnowany 3 94.84841587499977 0.8513514380001652
wyrafnowany 4 70.40696086299977 0.8990564799996719
wyrafnowany 5 54.63755743099955 0.9525483489996986
wyrafnowany 6 40.60707128500053 1.0337446060002549
wyrafnowany 7 37.82214320800085 1.08930159800002
wyrafnowany 8 31.708925160000035 1.1291759209998418
wyrafnowany 9 28.979980656999942 1.055401958999937
wyrafnowany 10 26.43153268900005 1.0811464839998735
wyrafnowany 12 22.700508846999583 1.1101355479995618
wyrafnowany 14 18.665157616000215 1.1305568890002178
wyrafnowany 16 16.285072898999715 1.1507744040000034
wyrafnowany 18 13.868465453000681 1.0802754530004677
wyrafnowany 20 12.996317132000513 1.0836903879999227
wyrafnowany 24 10.324299155000517 1.0861727660003453
wyrafnowany 28 13.155224723000174 1.3595121640000798
wyrafnowany 33 13.505697610000425 1.3229947030004041
wyrafnowany 40 11.737750158999916 1.3414604479994523
metodologjia 2 196.63466577300005 0.8699581789996955
metodologjia 3 102.96048812899971 0.8536166160001812
metodologjia 4 74.01858572200035 0.8986914850001995
metodologjia 5 58.13181629000064 0.9522790569999415
metodologjia 6 44.514143417000014 1.0335545320003803
metodologjia 7 40.940827704000185 1.0890122380005778
metodologjia 8 35.40233129900025 1.1322271460003321
metodologjia 9 34.17694611600018 1.0557447490000413
metodologjia 10 40.58221478699943 1.4053010479992736
metodologjia 12 32.63990184799968 1.442377389000285
metodologjia 14 27.32490110800063 1.4756905000003826
metodologjia 16 23.67623555299997 1.5051209339999332
metodologjia 18 20.74390966200008 1.4056943740006318
metodologjia 20 18.695473818999744 1.410058339999523
metodologjia 24 15.84746865299985 1.414411568000105
metodologjia 28 14.01483930699942 1.5138340759995117
metodologjia 33 12.68671320500016 1.3438847320003333
metodologjia 40 12.431678175000343 1.5875201019998713
sgffihrgyuuiu 2 289.40874348500006 1.5435078660000272
sgffihrgyuuiu 3 146.50043741700028 1.5382815470002242
sgffihrgyuuiu 4 104.14756598800022 1.6541147030002321
sgffihrgyuuiu 5 78.39370134599994 1.6294724849999511
sgffihrgyuuiu 6 62.378138447999845 1.6501340410000012
sgffihrgyuuiu 7 56.20028374200001 1.730634545999692
sgffihrgyuuiu 8 45.59207333099994 1.8005715939998481
sgffihrgyuuiu 9 42.45346890400015 1.5504450489997907
sgffihrgyuuiu 10 38.58757456700005 1.6575101640000867
sgffihrgyuuiu 12 30.810461102000318 1.6329501390000587
sgffihrgyuuiu 14 25.969568894000076 1.7330708010003946
sgffihrgyuuiu 16 23.415404583000054 1.7106095760000244
sgffihrgyuuiu 18 19.647536813999977 1.5365262119998988
sgffihrgyuuiu 20 18.139861062000364 1.5117659930001537
sgffihrgyuuiu 24 15.101037213999916 1.516620727999907
sgffihrgyuuiu 28 14.57681198299997 1.5611727569998948
sgffihrgyuuiu 33 11.042837201000111 1.3241306109998732
sgffihrgyuuiu 40 11.99672379599997 1.7498255000000427
nieposkromoiny 2 296.35662379999985 1.547863476999737
nieposkromoiny 3 156.077044269 1.5313121189997219
nieposkromoiny 4 110.70627481799966 1.658491605999643
nieposkromoiny 5 84.78116379599987 1.6189035200000035
nieposkromoiny 6 64.74510298799987 1.6571186599999237
nieposkromoiny 7 61.13767606400006 1.7167321970000557
nieposkromoiny 8 49.7538524749998 1.7824449179997828
nieposkromoiny 9 44.69478779200017 1.5501933750001626
nieposkromoiny 10 40.26327692999985 1.59658140800002
nieposkromoiny 12 32.03232362200015 1.6349111660001654
nieposkromoiny 14 27.111558519000027 1.7265004199998657
nieposkromoiny 16 23.598636864000127 1.9138738410001679
nieposkromoiny 18 21.709383011000227 1.5331489380000676
nieposkromoiny 20 19.584058972000093 1.523620949999895
nieposkromoiny 24 16.50205978799977 1.5289104649996261
nieposkromoiny 28 14.176189612999679 1.5383287259996905
nieposkromoiny 33 12.406230153000251 1.3372002390001398
nieposkromoiny 40 12.504170501000317 1.7779332519999116